local TweenService = game:GetService("TweenService")
local Camera = workspace.CurrentCamera


local cframeValues = {
    	[1] = {
		["fov"] = 35,
		["cframe"] = CFrame.new(2.85429382, 0.501766682, -0.816898346, 0.707725823, 0.125324994, 0.695282578, 0.000290125608, 0.984088659, -0.177677751, -0.706487179, 0.125948846, 0.696428597)
	},

	[2] = {
		["fov"] = 35,
		["cframe"] = CFrame.new(2.84249878, 0.475216389, -0.820705414, 0.710066497, 0.130764917, 0.691885829, 0.000551328063, 0.98250103, -0.186256349, -0.704134345, 0.132635862, 0.697569013)
	},

	[3] = {
		["fov"] = 35,
		["cframe"] = CFrame.new(2.83070183, 0.448665857, -0.824512482, 0.712400973, 0.136173457, 0.688434243, 0.000783585012, 0.980838239, -0.194822341, -0.701772213, 0.139331073, 0.698643446)
	},

	[4] = {
		["fov"] = 35,
		["cframe"] = CFrame.new(2.81890678, 0.422115564, -0.82831955, 0.714729011, 0.141549885, 0.684927881, 0.000986866653, 0.979100525, -0.20337458, -0.699400842, 0.14603366, 0.699651837)
	},

	[5] = {
		["fov"] = 35,
		["cframe"] = CFrame.new(2.80711174, 0.395565271, -0.832126617, 0.717050254, 0.146893471, 0.681367218, 0.00116113573, 0.977288067, -0.211911932, -0.69702059, 0.152742669, 0.700594068)
	},

	[6] = {
		["fov"] = 35,
		["cframe"] = CFrame.new(2.79531479, 0.36901474, -0.835933685, 0.719364524, 0.152203515, 0.677752733, 0.0013063699, 0.975401223, -0.220433265, -0.694631577, 0.159457266, 0.701470196)
	},

	[7] = {
		["fov"] = 35,
		["cframe"] = CFrame.new(2.78351974, 0.342464447, -0.839740753, 0.721671402, 0.157479361, 0.674085021, 0.00142255425, 0.973440051, -0.228937522, -0.692234278, 0.166176602, 0.702279925)
	},

	[8] = {
		["fov"] = 35,
		["cframe"] = CFrame.new(2.7717247, 0.315914154, -0.843547821, 0.723970711, 0.162720293, 0.670364499, 0.00150969625, 0.971405029, -0.237423524, -0.689829111, 0.172899738, 0.703023136)
	},

	[9] = {
		["fov"] = 45,
		["cframe"] = CFrame.new(2.86555481, 0.23277092, -0.736236572, 0.723455608, 0.174449652, 0.667966545, 0, 0.967547417, -0.252689719, -0.690370977, 0.1828098, 0.699977517)
	},

	[10] = {
		["fov"] = 25,
		["cframe"] = CFrame.new(2.64287758, 0.179947138, -0.50557518, 0.828445137, 0.150005773, 0.539608181, 0, 0.963465214, -0.267833799, -0.560070336, 0.221885607, 0.798178017)
	},

	[11] = {
		["fov"] = 30,
		["cframe"] = CFrame.new(2.69004822, 0.239521027, -0.730703354, 0.771965027, 0.160604969, 0.615041494, -7.4505806e-09, 0.967556, -0.252656609, -0.635664999, 0.195042059, 0.746919394)
	},

	[12] = {
		["fov"] = 35,
		["cframe"] = CFrame.new(2.58899307, 0.232650042, -0.775903702, 0.810771048, 0.153424725, 0.564899385, 0, 0.965040445, -0.26210162, -0.585363507, 0.212504402, 0.782426715)
	},

	[13] = {
		["fov"] = 35,
		["cframe"] = CFrame.new(2.95498848, 0.204814196, -1.11035538, 0.666534901, 0.202411577, 0.717468441, 0, 0.962432742, -0.271520674, -0.745473921, 0.180978, 0.64149493)
	},

	[14] = {
		["fov"] = 35,
		["cframe"] = CFrame.new(2.92228889, 0.167276382, -1.05633545, 0.693083346, 0.202378601, 0.691865861, 0.000176884234, 0.959734023, -0.280910283, -0.720857441, 0.194816634, 0.665139914)
	},

	[15] = {
		["fov"] = 35,
		["cframe"] = CFrame.new(2.88958931, 0.129738569, -1.00231361, 0.718723595, 0.201825678, 0.665359199, 0, 0.956943929, -0.290273041, -0.69529599, 0.208626077, 0.687778115)
	},

	[16] = {
		["fov"] = 35,
		["cframe"] = CFrame.new(2.85727501, 0.118070602, -0.989864349, 0.719717681, 0.202801183, 0.663986564, 1.37090683e-06, 0.956384778, -0.292109787, -0.694266915, 0.210237503, 0.688326776)
	},

	[17] = {
		["fov"] = 35,
		["cframe"] = CFrame.new(2.82496071, 0.106402397, -0.977413177, 0.720710397, 0.203773618, 0.66261071, 0, 0.955822289, -0.293945402, -0.693236291, 0.211849511, 0.688871026)
	},

	[18] = {
		["fov"] = 35,
		["cframe"] = CFrame.new(2.79913902, 0.0894470215, -0.96686554, 0.724851012, 0.206907332, 0.657099962, 0.000143736601, 0.953786075, -0.300486326, -0.688905597, 0.217902303, 0.691323161)
	},

	[19] = {
		["fov"] = 35,
		["cframe"] = CFrame.new(2.77331543, 0.0724916458, -0.956319809, 0.728966594, 0.209995314, 0.651544154, 0.0002463907, 0.951704979, -0.307014078, -0.684549272, 0.223963544, 0.693709373)
	},

	[20] = {
		["fov"] = 35,
		["cframe"] = CFrame.new(2.74749374, 0.0555365086, -0.945774078, 0.733056247, 0.213037208, 0.645944059, 0.000308007002, 0.949578941, -0.313527852, -0.680167973, 0.230032533, 0.696029186)
	},

	[21] = {
		["fov"] = 35,
		["cframe"] = CFrame.new(2.72167206, 0.0385811329, -0.93522644, 0.737119794, 0.216032594, 0.640300274, 0.000328511, 0.947408378, -0.320026875, -0.675762057, 0.236108497, 0.69828248)
	},

	[22] = {
		["fov"] = 35,
		["cframe"] = CFrame.new(2.71984673, 0.0279860497, -0.929424286, 0.737533748, 0.217120111, 0.63945508, 0.000312842429, 0.946795642, -0.32183513, -0.675310135, 0.23756434, 0.698225856)
	},

	[23] = {
		["fov"] = 35,
		["cframe"] = CFrame.new(2.71802139, 0.0173909664, -0.923622131, 0.737947524, 0.218205959, 0.638607681, 0.000295989215, 0.946179509, -0.323642313, -0.674858153, 0.239020064, 0.698166132)
	},

	[24] = {
		["fov"] = 35,
		["cframe"] = CFrame.new(2.71619606, 0.00679588318, -0.917819977, 0.738361001, 0.219290063, 0.637757778, 0.000277966261, 0.945559859, -0.325448245, -0.674405694, 0.240475565, 0.698103547)
	},

	[25] = {
		["fov"] = 35,
		["cframe"] = CFrame.new(2.71437073, -0.00379920006, -0.912017822, 0.738774121, 0.220372468, 0.636905611, 0.000258781016, 0.944936752, -0.327252924, -0.673952997, 0.241930842, 0.698037863)
	},

	[26] = {
		["fov"] = 35,
		["cframe"] = CFrame.new(2.71254539, -0.0143942833, -0.906215668, 0.739187062, 0.22145316, 0.636051118, 0.000238418579, 0.944310248, -0.329056442, -0.673500121, 0.243385911, 0.697969079)
	},

	[27] = {
		["fov"] = 35,
		["cframe"] = CFrame.new(2.71072006, -0.0249891281, -0.900415421, 0.739599586, 0.222532183, 0.635194302, 0.000216878951, 0.943680227, -0.330858767, -0.673047066, 0.244840756, 0.697897255)
	},

	[28] = {
		["fov"] = 35,
		["cframe"] = CFrame.new(2.70889473, -0.0355842113, -0.894613266, 0.740011871, 0.223609447, 0.634335279, 0.000194169581, 0.943046868, -0.332659841, -0.672593832, 0.246295393, 0.697822452)
	},

	[29] = {
		["fov"] = 35,
		["cframe"] = CFrame.new(2.7070694, -0.0461792946, -0.888811111, 0.740423799, 0.224685043, 0.633473873, 0.00017029047, 0.942410052, -0.334459722, -0.672140241, 0.247749805, 0.697744608)
	},

	[30] = {
		["fov"] = 35,
		["cframe"] = CFrame.new(2.70524406, -0.0567743778, -0.883008957, 0.740835428, 0.22575891, 0.632610321, 0.000145256519, 0.941769779, -0.336258382, -0.671686649, 0.24920401, 0.697663605)
	},

	[31] = {
		["fov"] = 35,
		["cframe"] = CFrame.new(2.70341873, -0.0673694611, -0.877206802, 0.7412467, 0.226831019, 0.631744385, 0.000119037926, 0.941126049, -0.33805576, -0.6712327, 0.250657946, 0.697579622)
	},

	[32] = {
		["fov"] = 35,
		["cframe"] = CFrame.new(2.71131706, -0.0832417011, -0.869100571, 0.740299821, 0.227894366, 0.632471561, 9.60752368e-05, 0.940754533, -0.33908841, -0.672276855, 0.251087874, 0.696418524)
	},

	[33] = {
		["fov"] = 35,
		["cframe"] = CFrame.new(2.71921539, -0.0991137028, -0.860996246, 0.739351392, 0.228958115, 0.633196414, 7.46250153e-05, 0.940381765, -0.340120763, -0.673319757, 0.251516014, 0.695255518)
	},

	[34] = {
		["fov"] = 35,
		["cframe"] = CFrame.new(2.72711372, -0.114985943, -0.852890015, 0.738401592, 0.230022103, 0.633918703, 5.47394156e-05, 0.940007925, -0.341152608, -0.674361289, 0.251942337, 0.694090784)
	},

	[35] = {
		["fov"] = 35,
		["cframe"] = CFrame.new(2.73501205, -0.130857944, -0.84478569, 0.737450123, 0.231086493, 0.634638667, 3.64258885e-05, 0.939632893, -0.342184186, -0.675401568, 0.2523669, 0.692924023)
	},

	[36] = {
		["fov"] = 35,
		["cframe"] = CFrame.new(2.74291039, -0.146730185, -0.836679459, 0.736497283, 0.232151151, 0.635356307, 1.96322799e-05, 0.939256728, -0.343215317, -0.676440477, 0.252789646, 0.691755533)
	},

	[37] = {
		["fov"] = 35,
		["cframe"] = CFrame.new(2.75080872, -0.162602425, -0.828573227, 0.735542953, 0.233216107, 0.636071324, 4.41819429e-06, 0.93887943, -0.34424606, -0.677478075, 0.253210574, 0.690585136)
	},

	[38] = {
		["fov"] = 35,
		["cframe"] = CFrame.new(2.75870705, -0.178474426, -0.820468903, 0.734587193, 0.234281421, 0.636784077, -9.28342342e-06, 0.93850106, -0.345276475, -0.678514361, 0.253629804, 0.689413071)
	},

	[39] = {
		["fov"] = 35,
		["cframe"] = CFrame.new(2.76660538, -0.194346666, -0.812362671, 0.733629942, 0.235346943, 0.637494266, -2.14055181e-05, 0.938121498, -0.346306354, -0.679549158, 0.254047066, 0.688239098)
	},

	[40] = {
		["fov"] = 35,
		["cframe"] = CFrame.new(2.77450371, -0.210218668, -0.804258347, 0.732671201, 0.236412883, 0.638202131, -3.2030046e-05, 0.937740743, -0.347335994, -0.680582821, 0.254462659, 0.687063217)
	},

	[41] = {
		["fov"] = 35,
		["cframe"] = CFrame.new(2.78240204, -0.226090908, -0.796152115, 0.731711149, 0.237478986, 0.638907373, -4.10974026e-05, 0.937358916, -0.348365068, -0.681614935, 0.254876316, 0.685885668)
	},

	[42] = {
		["fov"] = 35,
		["cframe"] = CFrame.new(2.78827667, -0.233140707, -0.792682648, 0.730930805, 0.237831354, 0.639669001, -4.09632921e-05, 0.937325716, -0.348454446, -0.682451546, 0.254669875, 0.68513)
	},

	[43] = {
		["fov"] = 35,
		["cframe"] = CFrame.new(2.7941494, -0.240190506, -0.789213181, 0.730149686, 0.238183469, 0.640429556, -4.0769577e-05, 0.937292457, -0.348543882, -0.683287203, 0.254463077, 0.684373558)
	},

	[44] = {
		["fov"] = 35,
		["cframe"] = CFrame.new(2.80002403, -0.247240067, -0.785743713, 0.729367554, 0.238535345, 0.641189396, -4.04492021e-05, 0.937259197, -0.34863323, -0.684122026, 0.254255831, 0.683616102)
	},

	[45] = {
		["fov"] = 35,
		["cframe"] = CFrame.new(2.80589867, -0.254289865, -0.782274246, 0.728584409, 0.238887042, 0.641948462, -4.00170684e-05, 0.937225938, -0.348722726, -0.684956074, 0.254048258, 0.682857752)
	},

	[46] = {
		["fov"] = 35,
		["cframe"] = CFrame.new(2.81177139, -0.261339664, -0.778802872, 0.727800369, 0.239238426, 0.642706513, -3.9473176e-05, 0.937192678, -0.348812103, -0.685789108, 0.253840208, 0.682098627)
	},

	[47] = {
		["fov"] = 35,
		["cframe"] = CFrame.new(2.81764603, -0.268389463, -0.775333405, 0.727015495, 0.239589557, 0.643463671, -3.88324261e-05, 0.937159479, -0.348901451, -0.68662113, 0.253631771, 0.681338668)
	},

	[48] = {
		["fov"] = 35,
		["cframe"] = CFrame.new(2.82352066, -0.275439024, -0.771863937, 0.726229429, 0.23994045, 0.644219935, -3.80724669e-05, 0.93712616, -0.348990798, -0.687452376, 0.253422856, 0.680577755)
	},

	[49] = {
		["fov"] = 35,
		["cframe"] = CFrame.new(2.82939339, -0.282488823, -0.76839447, 0.725442529, 0.240291148, 0.644975483, -3.72007489e-05, 0.937092841, -0.349080205, -0.688282788, 0.253213644, 0.679815948)
	},

	[50] = {
		["fov"] = 35,
		["cframe"] = CFrame.new(2.83526802, -0.289538622, -0.764925003, 0.724654734, 0.240641549, 0.645730019, -3.6239624e-05, 0.937059581, -0.349169552, -0.689112186, 0.253004014, 0.679053426)
	},

	[51] = {
		["fov"] = 20,
		["cframe"] = CFrame.new(5.01621437, -1.89042807, -1.18440056, 0.126368508, -0.0806799605, 0.988697052, 0, 0.996687174, 0.0813319683, -0.991983414, -0.0102777993, 0.12594986)
	},

	[52] = {
		["fov"] = 20,
		["cframe"] = CFrame.new(5.01621437, -1.89042807, -1.18440056, 0.126368582, -0.0806799531, 0.988696992, 3.7252903e-09, 0.996687055, 0.0813319683, -0.991983354, -0.0102777965, 0.125949919)
	},

	[53] = {
		["fov"] = 20,
		["cframe"] = CFrame.new(5.01621437, -1.89042807, -1.18440056, 0.126368582, -0.0806799531, 0.988696992, 3.7252903e-09, 0.996687055, 0.0813319683, -0.991983354, -0.0102778003, 0.125949919)
	},

	[54] = {
		["fov"] = 20,
		["cframe"] = CFrame.new(5.01621437, -1.89042807, -1.18440056, 0.126368582, -0.0806799605, 0.988696992, 7.4505806e-09, 0.996687055, 0.0813319683, -0.991983354, -0.0102778003, 0.125949919)
	},

	[55] = {
		["fov"] = 20,
		["cframe"] = CFrame.new(5.01621437, -1.89042807, -1.18440056, 0.126368582, -0.0806799531, 0.988696992, 0, 0.996687055, 0.0813319683, -0.991983354, -0.010277804, 0.125949919)
	},

	[56] = {
		["fov"] = 20,
		["cframe"] = CFrame.new(5.01621437, -1.89042807, -1.18440056, 0.126368582, -0.0806799531, 0.988697052, 3.7252903e-09, 0.996687055, 0.0813319683, -0.991983414, -0.0102778077, 0.125949919)
	},

	[57] = {
		["fov"] = 20,
		["cframe"] = CFrame.new(5.01621437, -1.89042807, -1.18440056, 0.126368403, -0.080679968, 0.988697112, -3.7252903e-09, 0.996687055, 0.0813319832, -0.991983473, -0.010277804, 0.12594974)
	},

	[58] = {
		["fov"] = 20,
		["cframe"] = CFrame.new(5.01621437, -1.89042807, -1.18440056, 0.126368582, -0.0806799605, 0.988697052, 7.4505806e-09, 0.996687055, 0.0813319683, -0.991983414, -0.010277804, 0.125949919)
	},

	[59] = {
		["fov"] = 20,
		["cframe"] = CFrame.new(5.01621437, -1.89042807, -1.18440056, 0.126368582, -0.0806799605, 0.988696992, 0, 0.996687055, 0.0813319683, -0.991983354, -0.010277804, 0.125949919)
	},

	[60] = {
		["fov"] = 20,
		["cframe"] = CFrame.new(5.01621437, -1.89042807, -1.18440056, 0.126368582, -0.0806799531, 0.988696992, 3.7252903e-09, 0.996687055, 0.0813319683, -0.991983354, -0.0102778003, 0.125949919)
	},

	[61] = {
		["fov"] = 20,
		["cframe"] = CFrame.new(5.01621437, -1.89042807, -1.18440056, 0.126368582, -0.0806799605, 0.988696992, 0, 0.996687055, 0.0813319683, -0.991983354, -0.010277804, 0.125949919)
	},

	[62] = {
		["fov"] = 20,
		["cframe"] = CFrame.new(5.01621437, -1.89042807, -1.18440056, 0.126368582, -0.0806799531, 0.988696992, 0, 0.996687055, 0.0813319609, -0.991983354, -0.0102778003, 0.125949919)
	},

	[63] = {
		["fov"] = 20,
		["cframe"] = CFrame.new(5.01621437, -1.89042807, -1.18440056, 0.126368403, -0.080679968, 0.988697112, -3.7252903e-09, 0.996687055, 0.0813319832, -0.991983473, -0.010277804, 0.12594974)
	},

	[64] = {
		["fov"] = 20,
		["cframe"] = CFrame.new(5.01621437, -1.89042807, -1.18440056, 0.126368582, -0.0806799531, 0.988696992, 0, 0.996687055, 0.0813319683, -0.991983354, -0.010277804, 0.125949919)
	},

	[65] = {
		["fov"] = 20,
		["cframe"] = CFrame.new(5.01621437, -1.89042807, -1.18440056, 0.126368582, -0.0806799531, 0.988696992, -3.7252903e-09, 0.996687055, 0.0813319683, -0.991983354, -0.0102778077, 0.125949919)
	},

	[66] = {
		["fov"] = 20,
		["cframe"] = CFrame.new(5.01621437, -1.89042807, -1.18440056, 0.126368582, -0.0806799605, 0.988696992, 0, 0.996687055, 0.0813319683, -0.991983354, -0.010277804, 0.125949919)
	},

	[67] = {
		["fov"] = 20,
		["cframe"] = CFrame.new(5.01621437, -1.89042807, -1.18440056, 0.126368582, -0.0806799605, 0.988697052, 0, 0.996687055, 0.0813319683, -0.991983414, -0.0102778114, 0.125949919)
	},

	[68] = {
		["fov"] = 20,
		["cframe"] = CFrame.new(5.01621437, -1.89042807, -1.18440056, 0.126368582, -0.0806799531, 0.988696992, 0, 0.996687055, 0.0813319683, -0.991983354, -0.010277804, 0.125949919)
	},

	[69] = {
		["fov"] = 20,
		["cframe"] = CFrame.new(5.01621437, -1.89042807, -1.18440056, 0.126368582, -0.0806799531, 0.988696992, 0, 0.996687055, 0.0813319683, -0.991983354, -0.010277804, 0.125949919)
	},

	[70] = {
		["fov"] = 20,
		["cframe"] = CFrame.new(5.01621437, -1.89042807, -1.18440056, 0.126368582, -0.0806799531, 0.988696992, 0, 0.996687055, 0.0813319683, -0.991983354, -0.010277804, 0.125949919)
	},

	[71] = {
		["fov"] = 20,
		["cframe"] = CFrame.new(5.01621437, -1.89042807, -1.18440056, 0.126368582, -0.0806799531, 0.988696992, -3.7252903e-09, 0.996687055, 0.0813319683, -0.991983354, -0.0102778077, 0.125949919)
	},

	[72] = {
		["fov"] = 20,
		["cframe"] = CFrame.new(5.01621437, -1.89042807, -1.18440056, 0.126368582, -0.0806799531, 0.988696992, 0, 0.996687055, 0.0813319683, -0.991983354, -0.010277804, 0.125949919)
	},

	[73] = {
		["fov"] = 20,
		["cframe"] = CFrame.new(5.01621437, -1.89042807, -1.18440056, 0.126368582, -0.0806799531, 0.988696992, -3.7252903e-09, 0.996687055, 0.0813319683, -0.991983354, -0.0102778077, 0.125949919)
	},

	[74] = {
		["fov"] = 20,
		["cframe"] = CFrame.new(5.01621437, -1.89042807, -1.18440056, 0.126368582, -0.0806799531, 0.988696992, 0, 0.996687055, 0.0813319683, -0.991983354, -0.010277804, 0.125949919)
	},

	[75] = {
		["fov"] = 20,
		["cframe"] = CFrame.new(5.01621437, -1.89042807, -1.18440056, 0.126368582, -0.0806799531, 0.988696992, -3.7252903e-09, 0.996687055, 0.0813319683, -0.991983354, -0.0102778077, 0.125949919)
	},

	[76] = {
		["fov"] = 20,
		["cframe"] = CFrame.new(5.01621437, -1.89042807, -1.18440056, 0.126368582, -0.0806799531, 0.988696992, 0, 0.996687055, 0.0813319683, -0.991983354, -0.010277804, 0.125949919)
	},

	[77] = {
		["fov"] = 20,
		["cframe"] = CFrame.new(5.01621437, -1.89042807, -1.18440056, 0.126368582, -0.0806799531, 0.988696992, -7.4505806e-09, 0.996687055, 0.0813319683, -0.991983354, -0.0102778114, 0.125949919)
	},

	[78] = {
		["fov"] = 20,
		["cframe"] = CFrame.new(5.01621437, -1.89042807, -1.18440056, 0.126368582, -0.0806799531, 0.988696992, -3.7252903e-09, 0.996687055, 0.0813319609, -0.991983354, -0.0102778077, 0.125949919)
	},

	[79] = {
		["fov"] = 20,
		["cframe"] = CFrame.new(5.01621437, -1.89042807, -1.18440056, 0.126368403, -0.080679968, 0.988697112, -7.4505806e-09, 0.996687055, 0.0813319758, -0.991983473, -0.0102778077, 0.12594974)
	},

	[80] = {
		["fov"] = 20,
		["cframe"] = CFrame.new(5.01621437, -1.89042807, -1.18440056, 0.126368582, -0.0806799531, 0.988696992, -3.7252903e-09, 0.996687055, 0.0813319609, -0.991983354, -0.0102778077, 0.125949919)
	},

	[81] = {
		["fov"] = 20,
		["cframe"] = CFrame.new(5.01621437, -1.89042807, -1.18440056, 0.126368582, -0.0806799531, 0.988696992, 0, 0.996687055, 0.0813319683, -0.991983354, -0.010277804, 0.125949919)
	},

	[82] = {
		["fov"] = 20,
		["cframe"] = CFrame.new(5.01621437, -1.89042807, -1.18440056, 0.126368582, -0.0806799531, 0.988697052, 3.7252903e-09, 0.996687055, 0.0813319683, -0.991983414, -0.0102778077, 0.125949919)
	},

	[83] = {
		["fov"] = 20,
		["cframe"] = CFrame.new(5.01621437, -1.89042807, -1.18440056, 0.126368582, -0.0806799531, 0.988696992, 0, 0.996687055, 0.0813319683, -0.991983354, -0.010277804, 0.125949919)
	},

	[84] = {
		["fov"] = 20,
		["cframe"] = CFrame.new(5.01621437, -1.89042807, -1.18440056, 0.126368582, -0.0806799531, 0.988696992, 0, 0.996687055, 0.0813319683, -0.991983354, -0.010277804, 0.125949919)
	},

	[85] = {
		["fov"] = 20,
		["cframe"] = CFrame.new(5.01621437, -1.89042807, -1.18440056, 0.126368582, -0.0806799531, 0.988697052, 0, 0.996687055, 0.0813319683, -0.991983414, -0.0102778114, 0.125949919)
	},

	[86] = {
		["fov"] = 20,
		["cframe"] = CFrame.new(5.01621437, -1.89042807, -1.18440056, 0.126368582, -0.0806799531, 0.988696992, -3.7252903e-09, 0.996687055, 0.0813319609, -0.991983354, -0.0102778077, 0.125949919)
	},

	[87] = {
		["fov"] = 20,
		["cframe"] = CFrame.new(5.01621437, -1.89042807, -1.18440056, 0.126368582, -0.0806799531, 0.988696992, -3.7252903e-09, 0.996687055, 0.0813319609, -0.991983354, -0.0102778077, 0.125949919)
	},

	[88] = {
		["fov"] = 20,
		["cframe"] = CFrame.new(5.01519012, -1.86143601, -1.18376732, 0.125253007, -0.0803321153, 0.988867283, -1.74604356e-05, 0.99671638, 0.0809719712, -0.992124915, -0.0101592578, 0.124840319)
	},

	[89] = {
		["fov"] = 20,
		["cframe"] = CFrame.new(5.01416588, -1.83244383, -1.18313408, 0.124137215, -0.0799841508, 0.989036202, -3.45259905e-05, 0.996745586, 0.0806119516, -0.992265105, -0.0100410953, 0.123730481)
	},

	[90] = {
		["fov"] = 20,
		["cframe"] = CFrame.new(5.01314163, -1.80345178, -1.18250084, 0.123021379, -0.0796360299, 0.989203691, -5.11705875e-05, 0.996774614, 0.0802518949, -0.992404103, -0.00992332399, 0.122620523)
	},

	[91] = {
		["fov"] = 20,
		["cframe"] = CFrame.new(5.01211739, -1.7744596, -1.1818676, 0.121905312, -0.0792877525, 0.989369869, -6.74165785e-05, 0.996803582, 0.0798918009, -0.99254179, -0.00980594382, 0.121510327)
	},

	[92] = {
		["fov"] = 20,
		["cframe"] = CFrame.new(5.01109314, -1.74546754, -1.18123436, 0.120789021, -0.0789393485, 0.989534616, -8.32639635e-05, 0.996832311, 0.079531692, -0.992678285, -0.00968895108, 0.120399833)
	},

	[93] = {
		["fov"] = 20,
		["cframe"] = CFrame.new(5.01006699, -1.71647549, -1.18060112, 0.119672805, -0.0785907954, 0.989697933, -9.86866653e-05, 0.996860981, 0.0791715384, -0.992813468, -0.00957235321, 0.119289398)
	},

	[94] = {
		["fov"] = 20,
		["cframe"] = CFrame.new(5.00904274, -1.68748331, -1.17996788, 0.118556298, -0.0782421157, 0.989859998, -0.000113710761, 0.996889591, 0.0788113847, -0.9929474, -0.00945615023, 0.118178666)
	},

	[95] = {
		["fov"] = 20,
		["cframe"] = CFrame.new(5.00801849, -1.65849125, -1.17933464, 0.117439628, -0.077893272, 0.990020514, -0.0001283288, 0.996917963, 0.0784511715, -0.99308002, -0.00934032723, 0.117067695)
	},

	[96] = {
		["fov"] = 20,
		["cframe"] = CFrame.new(5.00699425, -1.6294992, -1.1787014, 0.116322674, -0.0775443017, 0.990179837, -0.000142548233, 0.996946275, 0.0780909583, -0.993211567, -0.00922489911, 0.115956426)
	},

	[97] = {
		["fov"] = 20,
		["cframe"] = CFrame.new(5.00597, -1.60050702, -1.17806816, 0.115205854, -0.0771951973, 0.99033767, -0.000156342983, 0.996974409, 0.0777307153, -0.993341744, -0.00910987332, 0.114845216)
	},

	[98] = {
		["fov"] = 20,
		["cframe"] = CFrame.new(5.00392151, -1.54252279, -1.17680168, 0.112971298, -0.0764965713, 0.990649283, -0.00018274039, 0.997030318, 0.0770101547, -0.993598402, -0.00888098031, 0.112621844)
	},

	[99] = {
		["fov"] = 20,
		["cframe"] = CFrame.new(5.00187302, -1.48453856, -1.1755352, 0.110736497, -0.0757973641, 0.990955234, -0.00020749867, 0.99708569, 0.076289475, -0.993849874, -0.00865365937, 0.110398054)
	},

	[100] = {
		["fov"] = 20,
		["cframe"] = CFrame.new(4.99982452, -1.42655444, -1.17426872, 0.108500913, -0.0750976205, 0.99125582, -0.000230643898, 0.997140586, 0.0755686909, -0.994096458, -0.00842790678, 0.10817337)
	},

	[101] = {
		["fov"] = 20,
		["cframe"] = CFrame.new(4.99777603, -1.36857021, -1.17300224, 0.106264785, -0.074397333, 0.991550863, -0.00025215745, 0.997194946, 0.0748478472, -0.994337976, -0.00820372626, 0.105947971)
	},

	[102] = {
		["fov"] = 20,
		["cframe"] = CFrame.new(4.99572754, -1.31058598, -1.17173576, 0.104028292, -0.0736964941, 0.991840184, -0.000272043049, 0.997248769, 0.0741268992, -0.994574249, -0.00798111781, 0.103722036)
	},

	[103] = {
		["fov"] = 20,
		["cframe"] = CFrame.new(4.991045, -1.17805064, -1.16884041, 0.0989138409, -0.0720925927, 0.992481112, -0.000311400741, 0.997369945, 0.0724787414, -0.995095968, -0.00747821108, 0.0986312628)
	},

	[104] = {
		["fov"] = 20,
		["cframe"] = CFrame.new(4.98636246, -1.0455153, -1.16594505, 0.0937965065, -0.0704858601, 0.993093252, -0.000342257321, 0.99748832, 0.070830144, -0.995591402, -0.0069835186, 0.0935367942)
	},

	[105] = {
		["fov"] = 20,
		["cframe"] = CFrame.new(4.98167992, -0.912979841, -1.1630497, 0.0886768252, -0.0688763857, 0.993676245, -0.000364612788, 0.997604012, 0.069181174, -0.996060431, -0.00649707764, 0.0884392262)
	},

	[106] = {
		["fov"] = 20,
		["cframe"] = CFrame.new(4.97699738, -0.780444622, -1.16015625, 0.0835544989, -0.0672642291, 0.994230509, -0.000378482044, 0.997717023, 0.067531921, -0.996503234, -0.00601889379, 0.0833382607)
	},

	[107] = {
		["fov"] = 20,
		["cframe"] = CFrame.new(4.97231483, -0.647909164, -1.15726089, 0.0784299374, -0.0656494647, 0.994755805, -0.000383842736, 0.997827291, 0.0658824369, -0.996919692, -0.00554899685, 0.0782343149)
	},

	[108] = {
		["fov"] = 20,
		["cframe"] = CFrame.new(4.96763229, -0.515373707, -1.15436554, 0.0733035654, -0.0640321597, 0.995252073, -0.000380709767, 0.997934878, 0.0642328113, -0.997309744, -0.00508739986, 0.0731278062)
	},

	[109] = {
		["fov"] = 20,
		["cframe"] = CFrame.new(4.96294975, -0.382838488, -1.15147018, 0.0681756139, -0.0624123737, 0.995719254, -0.000369066373, 0.998039663, 0.0625830889, -0.997673333, -0.00463413261, 0.0680189133)
	},

	[110] = {
		["fov"] = 20,
		["cframe"] = CFrame.new(4.96483612, -0.280973673, -1.15275002, 0.0638022572, -0.0609562919, 0.996099293, -0.000367037952, 0.998131335, 0.0611041598, -0.997962534, -0.00426419452, 0.0636606812)
	},

	[111] = {
		["fov"] = 20,
		["cframe"] = CFrame.new(4.96672249, -0.17910862, -1.15402985, 0.0594277196, -0.0594984218, 0.996458054, -0.000358505175, 0.998220801, 0.0596250705, -0.998232722, -0.00390062854, 0.0593006611)
	},

	[112] = {
		["fov"] = 20,
		["cframe"] = CFrame.new(4.96860886, -0.0772438049, -1.15531158, 0.0550520048, -0.0580388308, 0.996795356, -0.000343488529, 0.998308003, 0.0581458807, -0.998483479, -0.00354343839, 0.0549389124)
	},

	[113] = {
		["fov"] = 20,
		["cframe"] = CFrame.new(4.97049332, 0.0246210098, -1.15659142, 0.0506755859, -0.0565775558, 0.997111261, -0.000321961939, 0.998393059, 0.0566666499, -0.998715103, -0.00319264829, 0.050575912)
	},

	[114] = {
		["fov"] = 20,
		["cframe"] = CFrame.new(4.97237968, 0.126485825, -1.15787125, 0.0462978072, -0.0551146567, 0.997406065, -0.000293958932, 0.998475969, 0.0551874191, -0.998927653, -0.00284825452, 0.0462110639)
	},

	[115] = {
		["fov"] = 20,
		["cframe"] = CFrame.new(4.97426605, 0.228350878, -1.15915108, 0.0419196784, -0.0536501668, 0.997679532, -0.000259451568, 0.998556674, 0.0537082329, -0.99912101, -0.002510285, 0.0418452621)
	},

	[116] = {
		["fov"] = 20,
		["cframe"] = CFrame.new(4.9802475, 0.270129442, -1.16300392, 0.0397142507, -0.0528494194, 0.997812569, -0.000251367688, 0.998599768, 0.0529011227, -0.999211133, -0.00235174596, 0.0396453738)
	},

	[117] = {
		["fov"] = 20,
		["cframe"] = CFrame.new(4.98622894, 0.311907768, -1.16685867, 0.0375088602, -0.0520482771, 0.997940004, -0.000241488218, 0.998642147, 0.052093979, -0.999296367, -0.00219498202, 0.0374453664)
	},

	[118] = {
		["fov"] = 20,
		["cframe"] = CFrame.new(4.99221039, 0.353686333, -1.17071152, 0.0353032127, -0.0512467511, 0.998061895, -0.00022983551, 0.998683989, 0.051286824, -0.999376655, -0.00203998201, 0.0352450013)
	},

	[119] = {
		["fov"] = 20,
		["cframe"] = CFrame.new(4.99819374, 0.395464897, -1.17456436, 0.033097364, -0.05044486, 0.998178422, -0.000216390938, 0.998725116, 0.0504796691, -0.999452293, -0.00188674778, 0.0330442786)
	},

	[120] = {
		["fov"] = 20,
		["cframe"] = CFrame.new(5.00417519, 0.437243462, -1.17841721, 0.0308913141, -0.0496425852, 0.998289287, -0.000201167539, 0.998765528, 0.0496724993, -0.999522865, -0.00173527747, 0.0308431983)
	},

	[121] = {
		["fov"] = 20,
		["cframe"] = CFrame.new(5.01015663, 0.479021788, -1.18227196, 0.0286853034, -0.048839964, 0.998394728, -0.000184157863, 0.998805404, 0.0488653444, -0.999588609, -0.00158558413, 0.0286420584)
	},

	[122] = {
		["fov"] = 20,
		["cframe"] = CFrame.new(5.01613808, 0.520800352, -1.1861248, 0.0264792722, -0.0480369739, 0.998494625, -0.000165361911, 0.998844504, 0.0480581969, -0.999649405, -0.00143766403, 0.0264407396)
	},

	[123] = {
		["fov"] = 20,
		["cframe"] = CFrame.new(5.02100372, 0.532164812, -1.18924332, 0.0256243218, -0.0476941019, 0.998533368, -0.000163329765, 0.998861015, 0.0477139503, -0.999671698, -0.00138573162, 0.0255873203)
	},

	[124] = {
		["fov"] = 20,
		["cframe"] = CFrame.new(5.02586937, 0.543529034, -1.19235992, 0.024769621, -0.0473511703, 0.998571157, -0.000160999596, 0.998877406, 0.047369685, -0.999693155, -0.00133410096, 0.024734199)
	},

	[125] = {
		["fov"] = 20,
		["cframe"] = CFrame.new(5.03073311, 0.554893494, -1.19547844, 0.0239148084, -0.047008194, 0.998608232, -0.000158378854, 0.998893678, 0.0470254272, -0.999714017, -0.0012827646, 0.023880899)
	},

	[126] = {
		["fov"] = 20,
		["cframe"] = CFrame.new(5.03559875, 0.566257715, -1.19859505, 0.023059709, -0.0466651693, 0.998644531, -0.000155458227, 0.998909831, 0.046681162, -0.999734223, -0.00123170763, 0.0230273008)
	},

	[127] = {
		["fov"] = 20,
		["cframe"] = CFrame.new(5.0404644, 0.577622175, -1.20171356, 0.0222048573, -0.0463220924, 0.998679876, -0.000152243301, 0.998925865, 0.0463368967, -0.999753594, -0.00118095241, 0.0221739411)
	},

	[128] = {
		["fov"] = 20,
		["cframe"] = CFrame.new(5.04533005, 0.588986397, -1.20483017, 0.0213501342, -0.0459789708, 0.998714268, -0.000148737803, 0.998941779, 0.0459926203, -0.999772131, -0.00113049708, 0.0213207006)
	},

	[129] = {
		["fov"] = 20,
		["cframe"] = CFrame.new(5.05019569, 0.600350857, -1.20794868, 0.0204954203, -0.0456357822, 0.998747885, -0.000144932419, 0.998957574, 0.0456483364, -0.999789894, -0.00108033046, 0.0204674602)
	},

	[130] = {
		["fov"] = 20,
		["cframe"] = CFrame.new(5.05506134, 0.611715078, -1.21106529, 0.0196402986, -0.0452925637, 0.998780727, -0.000140836462, 0.99897325, 0.0453040674, -0.999807119, -0.00103045069, 0.0196137428)
	},

	[131] = {
		["fov"] = 20,
		["cframe"] = CFrame.new(5.05992508, 0.623079538, -1.21418381, 0.0187855437, -0.0449492931, 0.998812675, -0.00013644062, 0.998988807, 0.044959791, -0.99982357, -0.000980874524, 0.0187604427)
	},

	[132] = {
		["fov"] = 20,
		["cframe"] = CFrame.new(5.06479073, 0.63444376, -1.21730042, 0.0179305617, -0.0446059778, 0.998843729, -0.00013175793, 0.999004245, 0.0446155071, -0.999839246, -0.000931585208, 0.0179068446)
	},

	[133] = {
		["fov"] = 20,
		["cframe"] = CFrame.new(5.06965637, 0.64580822, -1.22041893, 0.0170756467, -0.0442626178, 0.998874068, -0.000126769766, 0.999019563, 0.0442712307, -0.999854326, -0.000882593915, 0.0170533061)
	},

	[134] = {
		["fov"] = 20,
		["cframe"] = CFrame.new(5.07579041, 0.653733253, -1.22434425, 0.0162637271, -0.0439177267, 0.998902857, -0.000125084072, 0.999034822, 0.0439255685, -0.999867857, -0.000839345157, 0.0162425637)
	},

	[135] = {
		["fov"] = 20,
		["cframe"] = CFrame.new(5.08192444, 0.661658049, -1.22827148, 0.0154517563, -0.0435727835, 0.998930812, -0.000123122707, 0.999049902, 0.0435798839, -0.999880672, -0.000796377659, 0.0154317021)
	},

	[136] = {
		["fov"] = 20,
		["cframe"] = CFrame.new(5.08805847, 0.669582844, -1.23219681, 0.0146400305, -0.043227803, 0.998957992, -0.000120867044, 0.999064982, 0.043234203, -0.999892831, -0.000753693283, 0.0146211386)
	},

	[137] = {
		["fov"] = 20,
		["cframe"] = CFrame.new(5.0941925, 0.677507877, -1.23612213, 0.013828313, -0.0428827852, 0.998984516, -0.000118331984, 0.999079883, 0.0428885221, -0.999904454, -0.000711292028, 0.0138105154)
	},

	[138] = {
		["fov"] = 20,
		["cframe"] = CFrame.new(5.10032654, 0.685432911, -1.24004936, 0.013016304, -0.0425377265, 0.999010146, -0.000115523115, 0.999094605, 0.0425428301, -0.999915302, -0.00066916272, 0.0129995942)
	},

	[139] = {
		["fov"] = 20,
		["cframe"] = CFrame.new(5.10646057, 0.693357706, -1.24397469, 0.0122044226, -0.0421926305, 0.999035001, -0.000112431124, 0.999109268, 0.0421971418, -0.999925613, -0.000627316535, 0.0121887922)
	},

	[140] = {
		["fov"] = 20,
		["cframe"] = CFrame.new(5.1125946, 0.701282501, -1.24790192, 0.011392667, -0.0418474898, 0.999059141, -0.000109054148, 0.999123812, 0.041851446, -0.99993521, -0.000585755333, 0.0113781095)
	},

	[141] = {
		["fov"] = 20,
		["cframe"] = CFrame.new(5.11872864, 0.709207535, -1.25182724, 0.0105806813, -0.0415023156, 0.999082446, -0.000105399638, 0.999138236, 0.041505754, -0.999944091, -0.000544464216, 0.0105671883)
	},

	[142] = {
		["fov"] = 20,
		["cframe"] = CFrame.new(5.12486267, 0.717132568, -1.25575256, 0.00976882223, -0.0411570966, 0.999104977, -0.000101463869, 0.999152601, 0.0411600471, -0.999952316, -0.000503459945, 0.00975638628)
	},

	[143] = {
		["fov"] = 20,
		["cframe"] = CFrame.new(5.1309967, 0.725057364, -1.25967979, 0.00895703025, -0.0408118442, 0.999126673, -9.72468406e-05, 0.999166727, 0.040814355, -0.999959826, -0.000462738797, 0.0089455843)
	},

	[144] = {
		["fov"] = 20,
		["cframe"] = CFrame.new(5.13713074, 0.732982159, -1.26360512, 0.00814506691, -0.0404665619, 0.999147773, -9.27504152e-05, 0.999180853, 0.0404686555, -0.99996686, -0.00042229332, 0.00813466311)
	},

	[145] = {
		["fov"] = 20,
		["cframe"] = CFrame.new(5.14326477, 0.740907192, -1.26753044, 0.00733323023, -0.0401212238, 0.999167919, -8.79727304e-05, 0.999194741, 0.0401229486, -0.999973059, -0.000382129103, 0.00732380152)
	},

	[146] = {
		["fov"] = 20,
		["cframe"] = CFrame.new(5.1493988, 0.748832226, -1.27145767, 0.00652128179, -0.0397758745, 0.999187469, -8.29100609e-05, 0.99920857, 0.0397772603, -0.9999789, -0.000342246145, 0.00651282072)
	},

	[147] = {
		["fov"] = 20,
		["cframe"] = CFrame.new(5.15553284, 0.756757021, -1.275383, 0.00570963882, -0.0394304655, 0.999206126, -7.75642693e-05, 0.999222279, 0.0394315496, -0.999983847, -0.000302648172, 0.00570213795)
	},

	[148] = {
		["fov"] = 20,
		["cframe"] = CFrame.new(5.16023445, 0.761774063, -1.27839279, 0.00513112778, -0.0391802564, 0.99921906, -7.42953271e-05, 0.999232113, 0.0391811505, -0.999986887, -0.000275284052, 0.00512427092)
	},

	[149] = {
		["fov"] = 20,
		["cframe"] = CFrame.new(5.16493797, 0.766791105, -1.28140068, 0.00455270801, -0.0389300212, 0.999231696, -7.08792359e-05, 0.999241948, 0.0389307439, -0.999989748, -0.000248068944, 0.00454652309)
	},

	[150] = {
		["fov"] = 20,
		["cframe"] = CFrame.new(5.16963959, 0.771807909, -1.28440857, 0.00397432083, -0.0386797674, 0.999243796, -6.73159957e-05, 0.999251604, 0.0386803411, -0.999992192, -0.000220995396, 0.00396871567)
	},

	[151] = {
		["fov"] = 20,
		["cframe"] = CFrame.new(5.1743412, 0.776824951, -1.28741837, 0.00339620374, -0.0384294949, 0.999255538, -6.36056066e-05, 0.99926132, 0.0384299308, -0.999994278, -0.000194072723, 0.00339126587)
	},

	[152] = {
		["fov"] = 20,
		["cframe"] = CFrame.new(5.17904282, 0.781841993, -1.29042816, 0.00281770178, -0.0381792039, 0.999266982, -5.97536564e-05, 0.999270856, 0.0381795242, -0.999996066, -0.000167291611, 0.00281333923)
	},

	[153] = {
		["fov"] = 20,
		["cframe"] = CFrame.new(5.18374634, 0.786859035, -1.29343605, 0.0022393507, -0.0379288979, 0.999277949, -5.57564199e-05, 0.999280453, 0.0379291177, -0.999997497, -0.000140653923, 0.00223565102)
	},

	[154] = {
		["fov"] = 20,
		["cframe"] = CFrame.new(5.18844795, 0.791876078, -1.29644394, 0.00166097237, -0.0376785696, 0.999288499, -5.16138971e-05, 0.99928987, 0.0376787074, -0.999998629, -0.000114161521, 0.00165784359)
	},

	[155] = {
		["fov"] = 20,
		["cframe"] = CFrame.new(5.19314957, 0.796892881, -1.29945374, 0.0010825661, -0.0374282375, 0.999298871, -4.73279506e-05, 0.999299288, 0.0374283083, -0.999999583, -8.78199935e-05, 0.00108003616)
	},

	[156] = {
		["fov"] = 20,
		["cframe"] = CFrame.new(5.19785309, 0.801909924, -1.30246353, 0.000504311174, -0.0371778756, 0.999308586, -4.28929925e-05, 0.999308646, 0.0371779017, -0.999999881, -6.16163015e-05, 0.000502347946)
	},

	[157] = {
		["fov"] = 20,
		["cframe"] = CFrame.new(5.2025547, 0.806926966, -1.30547142, -7.39712268e-05, -0.0369274952, 0.999317944, -3.83146107e-05, 0.999317944, 0.0369274914, -0.99999994, -3.55578959e-05, -7.5340271e-05)
	},

	[158] = {
		["fov"] = 20,
		["cframe"] = CFrame.new(5.20582581, 0.809036016, -1.30756378, -0.000419057469, -0.0367724001, 0.999323726, -3.64910811e-05, 0.999323666, 0.0367723852, -1, -2.10609287e-05, -0.000420093536)
	},

	[159] = {
		["fov"] = 20,
		["cframe"] = CFrame.new(5.209095, 0.811145067, -1.30965424, -0.000763975549, -0.036617294, 0.999329209, -3.46135348e-05, 0.999329388, 0.0366172753, -0.999999881, -6.61984086e-06, -0.000764727592)
	},

	[160] = {
		["fov"] = 20,
		["cframe"] = CFrame.new(5.2123661, 0.813254118, -1.3117466, -0.00110866618, -0.0364621803, 0.999334514, -3.26763839e-05, 0.999335051, 0.0364621654, -0.999999464, 7.76909292e-06, -0.00110912323)
	},

	[161] = {
		["fov"] = 20,
		["cframe"] = CFrame.new(5.2156353, 0.815363169, -1.31383896, -0.00145372504, -0.0363070592, 0.9993397, -3.06908041e-05, 0.999340713, 0.0363070518, -0.999999046, 2.210401e-05, -0.0014538765)
	},

	[162] = {
		["fov"] = 20,
		["cframe"] = CFrame.new(5.2189064, 0.817472458, -1.31592941, -0.00179867551, -0.0361519344, 0.999344826, -2.86512077e-05, 0.999346316, 0.0361519381, -0.999998569, 3.6386773e-05, -0.00179851055)
	},

	[163] = {
		["fov"] = 20,
		["cframe"] = CFrame.new(5.22217751, 0.819581509, -1.31802177, -0.00214363681, -0.0359968022, 0.999349713, -2.65613198e-05, 0.999351919, 0.0359968282, -0.999997854, 5.06155193e-05, -0.00214320421)
	},

	[164] = {
		["fov"] = 20,
		["cframe"] = CFrame.new(5.2254467, 0.821690559, -1.32011414, -0.00248825108, -0.0358416587, 0.999354422, -2.44099647e-05, 0.999357462, 0.0358417071, -0.99999696, 6.47865236e-05, -0.00248754025)
	},

	[165] = {
		["fov"] = 20,
		["cframe"] = CFrame.new(5.2287178, 0.82379961, -1.32220459, -0.00283335336, -0.0356865227, 0.99935919, -2.22101808e-05, 0.999363005, 0.0356866047, -0.999996126, 7.89109617e-05, -0.00283235312)
	},

	[166] = {
		["fov"] = 20,
		["cframe"] = CFrame.new(5.231987, 0.825908661, -1.32429695, -0.00317810848, -0.0355313644, 0.999363542, -1.99563801e-05, 0.999368548, 0.0355314836, -0.999994993, 9.29776579e-05, -0.00317680836)
	},

	[167] = {
		["fov"] = 20,
		["cframe"] = CFrame.new(5.2352581, 0.828017712, -1.32638741, -0.00352299353, -0.0353762098, 0.999367774, -1.76504254e-05, 0.999374032, 0.03537637, -0.999993742, 0.0001069922, -0.00352144241)
	},

	[168] = {
		["fov"] = 20,
		["cframe"] = CFrame.new(5.2385273, 0.830126762, -1.32847977, -0.00386788975, -0.0352210552, 0.999372125, -1.52867287e-05, 0.999379575, 0.0352212638, -0.999992609, 0.000120954588, -0.00386601686)
	},

	[169] = {
		["fov"] = 20,
		["cframe"] = CFrame.new(5.2417984, 0.832235813, -1.33057213, -0.00421291543, -0.0350658894, 0.999376237, -1.28727406e-05, 0.999384999, 0.0350661501, -0.999991238, 0.000134861097, -0.00421077013)
	},

	[170] = {
		["fov"] = 20,
		["cframe"] = CFrame.new(5.2450695, 0.834345102, -1.33266258, -0.00455783308, -0.0349107198, 0.999380112, -1.04084611e-05, 0.999390423, 0.0349110365, -0.999989629, 0.000148715451, -0.00455540419)
	},

	[171] = {
		["fov"] = 20,
		["cframe"] = CFrame.new(5.2483387, 0.836454153, -1.33475494, -0.00490264222, -0.0347555391, 0.999383807, -7.88643956e-06, 0.999395788, 0.0347559191, -0.99998796, 0.000162515789, -0.00489997864)
	},

	[172] = {
		["fov"] = 20,
		["cframe"] = CFrame.new(5.2516098, 0.838563204, -1.33684731, -0.00524758175, -0.0346003659, 0.999387562, -5.30853868e-06, 0.999401212, 0.0346008129, -0.999986351, 0.00017626211, -0.00524461269)
	},

	[173] = {
		["fov"] = 20,
		["cframe"] = CFrame.new(5.254879, 0.840672255, -1.33893776, -0.00559253152, -0.034445174, 0.999391079, -2.68034637e-06, 0.999406576, 0.034445703, -0.999984503, 0.000189954415, -0.00558930635)
	},

	[174] = {
		["fov"] = 20,
		["cframe"] = CFrame.new(5.2581501, 0.842781305, -1.34103012, -0.00593725918, -0.0342899822, 0.999394298, -0, 0.999412, 0.0342905819, -0.999982476, 0.000203592077, -0.00593376672)
	},

	[175] = {
		["fov"] = 10,
		["cframe"] = CFrame.new(5.3147583, 0.82786727, -1.31944275, 0.00852984469, -0.0331361108, 0.999414444, 8.34837556e-06, 0.999450803, 0.033137247, -0.999963641, -0.000274311751, 0.00852543116)
	},

	[176] = {
		["fov"] = 14.083125685566594,
		["cframe"] = CFrame.new(5.37136841, 0.812953234, -1.29785347, 0.0229953267, -0.0319754109, 0.999224186, -5.82076609e-11, 0.999488533, 0.0319838673, -0.999735653, -0.000735479523, 0.0229835622)
	},

	[177] = {
		["fov"] = 17.544632499132184,
